{
 "cells": [
  {
   "cell_type": "code",
   "execution_count": 1,
   "metadata": {},
   "outputs": [
    {
     "name": "stderr",
     "output_type": "stream",
     "text": [
      "Building prefix dict from the default dictionary ...\n",
      "Loading model from cache C:\\Users\\SLEEPY~1\\AppData\\Local\\Temp\\jieba.cache\n",
      "Loading model cost 1.363 seconds.\n",
      "Prefix dict has been built successfully.\n"
     ]
    },
    {
     "name": "stdout",
     "output_type": "stream",
     "text": [
      "the latest pre-trained model is pre_trained_65.pkl\n"
     ]
    },
    {
     "name": "stderr",
     "output_type": "stream",
     "text": [
      "c:\\Users\\Sleepyard\\miniconda3\\envs\\d2l\\lib\\site-packages\\torch\\nn\\functional.py:1795: UserWarning: nn.functional.tanh is deprecated. Use torch.tanh instead.\n",
      "  warnings.warn(\"nn.functional.tanh is deprecated. Use torch.tanh instead.\")\n"
     ]
    },
    {
     "name": "stdout",
     "output_type": "stream",
     "text": [
      "encoder输入: ['用', '音乐', '来', '灌醉', '你']\n",
      "decoder输入: ['<go>', '你', '就是', '海滩', '下', '那', '的', '乌', '克', '丽丽', '<eos>']\n",
      "target目标: ['你', '就是', '海滩', '下', '那', '的', '乌', '克', '<unk>', '<eos>']\n",
      "预测结果: ['我', '是', '海滩', '你', '过', '的', '乌', '克', '<eos>', '<eos>']\n",
      "attention:\n",
      " tensor([[6.0580e-02, 6.8272e-03, 5.4618e-04, 1.8878e-01, 7.4326e-01],\n",
      "        [1.8312e-04, 7.1510e-04, 5.2871e-03, 5.5486e-01, 4.3896e-01],\n",
      "        [4.3742e-01, 2.7922e-01, 2.9881e-02, 1.6357e-01, 8.9908e-02],\n",
      "        [8.8267e-02, 1.3518e-02, 5.9371e-02, 8.1810e-02, 7.5703e-01],\n",
      "        [8.1265e-03, 1.5040e-02, 2.3202e-03, 1.0928e-01, 8.6524e-01],\n",
      "        [3.7515e-02, 1.0766e-01, 1.3278e-02, 3.2054e-01, 5.2100e-01],\n",
      "        [5.6107e-02, 1.0699e-01, 7.7887e-03, 4.3476e-02, 7.8564e-01],\n",
      "        [1.5016e-01, 4.1788e-01, 1.1053e-02, 6.1271e-02, 3.5963e-01],\n",
      "        [1.6342e-02, 3.0133e-01, 1.7151e-02, 5.6748e-02, 6.0843e-01],\n",
      "        [6.2812e-02, 1.0233e-01, 1.0939e-02, 6.5414e-02, 7.5851e-01],\n",
      "        [7.1934e-03, 1.1691e-02, 1.0860e-02, 3.6648e-01, 6.0378e-01]],\n",
      "       grad_fn=<SelectBackward0>)\n",
      "epoch 65 step 100 loss: 3.206904344558716\n",
      "epoch 65 step 200 loss: 3.209260802268982\n",
      "epoch 65 step 300 loss: 3.2299308013916015\n",
      "epoch 65 step 400 loss: 3.249065511226654\n",
      "epoch 65 step 500 loss: 3.2247260999679566\n",
      "epoch 65 step 600 loss: 3.2309531450271605\n",
      "epoch 65 step 700 loss: 3.2549207043647765\n",
      "epoch 65 step 800 loss: 3.2714685654640197\n",
      "epoch 65 step 900 loss: 3.2609957027435303\n",
      "epoch 65 step 1000 loss: 3.2916054010391234\n",
      "epoch 65 step 1100 loss: 3.287225787639618\n",
      "epoch 65 step 1200 loss: 3.2771573567390444\n",
      "epoch 65 step 1300 loss: 3.2633043193817137\n",
      "epoch 65 step 1400 loss: 3.2974532675743102\n",
      "epoch 65 step 1500 loss: 3.3135189628601074\n",
      "epoch 65 step 1600 loss: 3.335911285877228\n",
      "epoch 65 step 1700 loss: 3.304849851131439\n",
      "current lr: 0.00049\n",
      "encoder输入: ['但', '求', '凭', '这', '阙', '歌']\n",
      "decoder输入: ['<go>', '谢谢', '你', '风雨', '内', '<eos>']\n",
      "target目标: ['谢谢', '你', '风雨', '内', '<eos>']\n",
      "预测结果: ['谢谢', '你', '风雨', '内', '<eos>']\n",
      "attention:\n",
      " tensor([[4.0228e-04, 8.4866e-05, 4.8048e-03, 4.1394e-02, 2.4499e-01, 7.0832e-01],\n",
      "        [9.4407e-03, 2.0854e-02, 3.3321e-02, 2.3898e-02, 5.1435e-01, 3.9814e-01],\n",
      "        [1.4131e-03, 7.5222e-04, 4.9595e-02, 4.3719e-02, 2.6559e-01, 6.3893e-01],\n",
      "        [6.2259e-04, 4.7997e-05, 9.6246e-04, 1.4724e-02, 4.7025e-02, 9.3662e-01],\n",
      "        [9.5532e-04, 5.9327e-05, 2.7836e-03, 3.1799e-03, 1.6809e-01, 8.2493e-01],\n",
      "        [1.8351e-03, 2.5758e-04, 5.5048e-03, 5.4057e-02, 1.1010e-01, 8.2825e-01]],\n",
      "       grad_fn=<SelectBackward0>)\n",
      "epoch 66 step 100 loss: 3.2252274465560915\n",
      "epoch 66 step 200 loss: 3.223414876461029\n",
      "epoch 66 step 300 loss: 3.2201440143585205\n",
      "epoch 66 step 400 loss: 3.2312557172775267\n",
      "epoch 66 step 500 loss: 3.2268676924705506\n",
      "epoch 66 step 600 loss: 3.256691906452179\n",
      "epoch 66 step 700 loss: 3.271795537471771\n",
      "epoch 66 step 800 loss: 3.269540922641754\n",
      "epoch 66 step 900 loss: 3.262529993057251\n",
      "epoch 66 step 1000 loss: 3.2656004500389098\n",
      "epoch 66 step 1100 loss: 3.2737737035751344\n",
      "epoch 66 step 1200 loss: 3.276184928417206\n",
      "epoch 66 step 1300 loss: 3.3066086769104004\n",
      "epoch 66 step 1400 loss: 3.29512610912323\n",
      "epoch 66 step 1500 loss: 3.2854584431648255\n",
      "epoch 66 step 1600 loss: 3.3001645827293395\n",
      "epoch 66 step 1700 loss: 3.3083722805976867\n",
      "encoder输入: ['感情', '需要', '经营', '懂', '这点', '道理']\n",
      "decoder输入: ['<go>', '可', '开始', '需要', '自信', '我', '没有', '自信', '<eos>']\n",
      "target目标: ['可', '开始', '需要', '自信', '我', '没有', '自信', '<eos>']\n",
      "预测结果: ['不要', '知道', '怎样', '什么', '<eos>', '不', '<eos>', '<eos>']\n",
      "attention:\n",
      " tensor([[0.0333, 0.2814, 0.4912, 0.1915, 0.0012, 0.0014],\n",
      "        [0.0065, 0.2350, 0.3167, 0.4204, 0.0160, 0.0055],\n",
      "        [0.0145, 0.2817, 0.1166, 0.1777, 0.2544, 0.1552],\n",
      "        [0.0065, 0.0373, 0.2659, 0.5409, 0.1073, 0.0422],\n",
      "        [0.0008, 0.0374, 0.0913, 0.2771, 0.1625, 0.4308],\n",
      "        [0.0202, 0.1236, 0.0680, 0.6258, 0.0895, 0.0730],\n",
      "        [0.0073, 0.0456, 0.2406, 0.6461, 0.0425, 0.0178],\n",
      "        [0.0058, 0.0368, 0.0989, 0.4853, 0.2711, 0.1020],\n",
      "        [0.2162, 0.0647, 0.0903, 0.5927, 0.0260, 0.0100]],\n",
      "       grad_fn=<SelectBackward0>)\n",
      "epoch 67 step 100 loss: 3.178326587677002\n",
      "epoch 67 step 200 loss: 3.150625922679901\n",
      "epoch 67 step 300 loss: 3.1974848651885988\n",
      "epoch 67 step 400 loss: 3.2093605494499204\n",
      "epoch 67 step 500 loss: 3.206279776096344\n",
      "epoch 67 step 600 loss: 3.2220248079299925\n",
      "epoch 67 step 700 loss: 3.2170581817626953\n",
      "epoch 67 step 800 loss: 3.2208346629142763\n",
      "epoch 67 step 900 loss: 3.2542825961112976\n",
      "epoch 67 step 1000 loss: 3.251136999130249\n",
      "epoch 67 step 1100 loss: 3.25920515537262\n",
      "epoch 67 step 1200 loss: 3.2466234946250916\n",
      "epoch 67 step 1300 loss: 3.2622446608543396\n",
      "epoch 67 step 1400 loss: 3.287722227573395\n",
      "epoch 67 step 1500 loss: 3.2923322892189026\n",
      "epoch 67 step 1600 loss: 3.2912578272819517\n",
      "epoch 67 step 1700 loss: 3.2855344247817992\n",
      "current lr: 0.00048019999999999996\n",
      "encoder输入: ['忙', '的', '累倒']\n",
      "decoder输入: ['<go>', '连', '哭', '的', '时间', '都', '没有', '最好', '<eos>']\n",
      "target目标: ['连', '哭', '的', '时间', '都', '没有', '最好', '<eos>']\n",
      "预测结果: ['想', '哭', '的', '人', '都', '不', '<eos>', '<eos>']\n",
      "attention:\n",
      " tensor([[0.0581, 0.8112, 0.1307],\n",
      "        [0.0020, 0.0020, 0.9960],\n",
      "        [0.3126, 0.3693, 0.3181],\n",
      "        [0.0532, 0.0074, 0.9394],\n",
      "        [0.8268, 0.1076, 0.0656],\n",
      "        [0.5537, 0.0370, 0.4092],\n",
      "        [0.2807, 0.0412, 0.6781],\n",
      "        [0.6268, 0.2171, 0.1561],\n",
      "        [0.9616, 0.0083, 0.0301]], grad_fn=<SelectBackward0>)\n",
      "epoch 68 step 100 loss: 3.1901675701141357\n",
      "epoch 68 step 200 loss: 3.1844792103767396\n",
      "epoch 68 step 300 loss: 3.196811957359314\n",
      "epoch 68 step 400 loss: 3.220264146327972\n",
      "epoch 68 step 500 loss: 3.21655166387558\n",
      "epoch 68 step 600 loss: 3.2227866435050965\n",
      "epoch 68 step 700 loss: 3.222372806072235\n",
      "epoch 68 step 800 loss: 3.2294408082962036\n",
      "epoch 68 step 900 loss: 3.250974729061127\n",
      "epoch 68 step 1000 loss: 3.2444990563392637\n",
      "epoch 68 step 1100 loss: 3.252587604522705\n",
      "epoch 68 step 1200 loss: 3.2526334500312806\n",
      "epoch 68 step 1300 loss: 3.2510746812820432\n",
      "epoch 68 step 1400 loss: 3.267501814365387\n",
      "epoch 68 step 1500 loss: 3.2557728815078737\n",
      "epoch 68 step 1600 loss: 3.29175448179245\n",
      "epoch 68 step 1700 loss: 3.2846035242080687\n",
      "encoder输入: ['这', '一刻', '你', '给', '我', '的', '泪', '或', '快乐']\n",
      "decoder输入: ['<go>', '都', '是', '最', '美好', '的', '旧', '时光', '<eos>']\n",
      "target目标: ['都', '是', '最', '美好', '的', '旧', '时光', '<eos>']\n",
      "预测结果: ['都', '是', '最', '美好', '的', '旧', '时光', '<eos>']\n",
      "attention:\n",
      " tensor([[7.4410e-01, 1.0601e-01, 8.5613e-03, 6.8483e-03, 5.0568e-02, 1.8566e-02,\n",
      "         6.7552e-03, 2.4570e-02, 3.4024e-02],\n",
      "        [1.0305e-02, 3.9695e-02, 1.0586e-01, 2.6773e-02, 1.3095e-01, 9.3307e-02,\n",
      "         3.5856e-02, 1.7009e-01, 3.8717e-01],\n",
      "        [3.3707e-03, 2.0201e-03, 8.4719e-03, 1.3175e-02, 8.6881e-04, 2.7924e-03,\n",
      "         4.3763e-02, 9.8952e-03, 9.1564e-01],\n",
      "        [1.8246e-01, 5.0044e-02, 5.0486e-02, 3.9261e-03, 7.8139e-04, 1.1481e-03,\n",
      "         4.0940e-02, 1.2573e-02, 6.5764e-01],\n",
      "        [6.1500e-02, 8.2304e-02, 2.7744e-03, 3.0327e-03, 2.0005e-03, 1.4204e-02,\n",
      "         1.2140e-01, 1.4193e-01, 5.7086e-01],\n",
      "        [1.1880e-01, 7.0528e-02, 5.3130e-02, 2.2126e-02, 1.1182e-02, 1.9490e-02,\n",
      "         7.4960e-02, 9.3106e-02, 5.3668e-01],\n",
      "        [5.2828e-01, 2.5982e-01, 4.9894e-02, 1.0363e-02, 8.6837e-03, 2.4376e-02,\n",
      "         1.1727e-02, 3.3372e-02, 7.3485e-02],\n",
      "        [4.0774e-02, 3.0118e-02, 4.4795e-02, 5.8569e-03, 1.7694e-02, 1.5184e-02,\n",
      "         4.1940e-01, 9.0003e-02, 3.3618e-01],\n",
      "        [2.2130e-02, 1.2001e-02, 7.5114e-03, 1.3850e-03, 1.3484e-03, 9.7102e-03,\n",
      "         3.8518e-02, 1.0219e-01, 8.0520e-01]], grad_fn=<SelectBackward0>)\n",
      "epoch 69 step 100 loss: 3.1486265325546263\n",
      "epoch 69 step 200 loss: 3.14504590511322\n",
      "epoch 69 step 300 loss: 3.1613442397117613\n",
      "epoch 69 step 400 loss: 3.1773490929603576\n",
      "epoch 69 step 500 loss: 3.1829152798652647\n",
      "epoch 69 step 600 loss: 3.1973659133911134\n",
      "epoch 69 step 700 loss: 3.217585952281952\n",
      "epoch 69 step 800 loss: 3.2198460936546325\n",
      "epoch 69 step 900 loss: 3.2173239755630494\n",
      "epoch 69 step 1000 loss: 3.242100737094879\n",
      "epoch 69 step 1100 loss: 3.235880744457245\n",
      "epoch 69 step 1200 loss: 3.2476137614250185\n",
      "epoch 69 step 1300 loss: 3.220693769454956\n",
      "epoch 69 step 1400 loss: 3.2275238919258116\n",
      "epoch 69 step 1500 loss: 3.2522156333923338\n",
      "epoch 69 step 1600 loss: 3.2673468661308287\n",
      "epoch 69 step 1700 loss: 3.2505112624168397\n",
      "current lr: 0.00047059599999999994\n",
      "encoder输入: ['年少', '的', '壮志', '雄心', '至今', '还', '觉得', '豪情万丈']\n",
      "decoder输入: ['<go>', '少年', '强', '那', '中国', '一定', '也', '很棒', '<eos>']\n",
      "target目标: ['少年', '强', '那', '中国', '一定', '也', '很棒', '<eos>']\n",
      "预测结果: ['少年', '的', '桥段', '中国', '一定', '也', '很棒', '<eos>']\n",
      "attention:\n",
      " tensor([[4.4858e-04, 1.2995e-02, 1.0796e-03, 6.7057e-03, 3.5444e-02, 2.1021e-01,\n",
      "         4.5610e-01, 2.7702e-01],\n",
      "        [8.3313e-03, 1.6872e-01, 2.2511e-02, 3.1765e-02, 1.2991e-01, 9.8147e-02,\n",
      "         2.2523e-01, 3.1538e-01],\n",
      "        [3.3537e-05, 3.9231e-04, 1.1421e-03, 4.1177e-02, 1.6999e-01, 3.9109e-01,\n",
      "         3.7195e-01, 2.4226e-02],\n",
      "        [8.1949e-04, 1.2049e-02, 1.0915e-02, 4.2440e-02, 6.4778e-02, 2.1080e-01,\n",
      "         3.8409e-01, 2.7410e-01],\n",
      "        [1.0787e-03, 4.0585e-03, 1.7326e-03, 1.9827e-02, 1.9263e-02, 8.7628e-02,\n",
      "         2.4220e-01, 6.2422e-01],\n",
      "        [1.1629e-03, 1.1475e-03, 8.3501e-03, 3.1844e-02, 3.8667e-03, 9.0696e-03,\n",
      "         2.5489e-01, 6.8966e-01],\n",
      "        [3.4498e-03, 5.9240e-03, 8.5848e-03, 2.5329e-02, 1.0068e-01, 1.5308e-01,\n",
      "         2.8544e-01, 4.1752e-01],\n",
      "        [4.1979e-02, 6.1810e-03, 5.5565e-03, 1.4609e-02, 2.6398e-02, 3.9663e-01,\n",
      "         3.9199e-01, 1.1666e-01],\n",
      "        [3.8500e-05, 6.9952e-05, 2.0378e-04, 3.1922e-03, 6.3456e-03, 8.6869e-02,\n",
      "         7.3879e-01, 1.6449e-01]], grad_fn=<SelectBackward0>)\n",
      "epoch 70 step 100 loss: 3.173034358024597\n",
      "epoch 70 step 200 loss: 3.1598968529701232\n",
      "epoch 70 step 300 loss: 3.1684240436553956\n",
      "epoch 70 step 400 loss: 3.174343903064728\n",
      "epoch 70 step 500 loss: 3.175631856918335\n",
      "epoch 70 step 600 loss: 3.216744179725647\n",
      "epoch 70 step 700 loss: 3.1853064703941345\n",
      "epoch 70 step 800 loss: 3.19114387512207\n",
      "epoch 70 step 900 loss: 3.224274833202362\n",
      "epoch 70 step 1000 loss: 3.2043054628372194\n",
      "epoch 70 step 1100 loss: 3.2446174144744875\n",
      "epoch 70 step 1200 loss: 3.2886895036697386\n",
      "epoch 70 step 1300 loss: 3.233530704975128\n",
      "epoch 70 step 1400 loss: 3.2297393107414245\n",
      "epoch 70 step 1500 loss: 3.2593107485771178\n",
      "epoch 70 step 1600 loss: 3.235080587863922\n",
      "epoch 70 step 1700 loss: 3.27261846780777\n",
      "encoder输入: ['古老', '的', '情节']\n",
      "decoder输入: ['<go>', '时间', '在', '倒', '回', '<eos>']\n",
      "target目标: ['时间', '在', '倒', '回', '<eos>']\n",
      "预测结果: ['我', '在', '你', '着', '<eos>']\n",
      "attention:\n",
      " tensor([[0.0722, 0.1290, 0.7988],\n",
      "        [0.1545, 0.2157, 0.6298],\n",
      "        [0.3590, 0.1124, 0.5286],\n",
      "        [0.9528, 0.0329, 0.0143],\n",
      "        [0.4963, 0.2719, 0.2318],\n",
      "        [0.1047, 0.0222, 0.8731]], grad_fn=<SelectBackward0>)\n",
      "epoch 71 step 100 loss: 3.149012451171875\n",
      "epoch 71 step 200 loss: 3.114779372215271\n",
      "epoch 71 step 300 loss: 3.1327006030082702\n",
      "epoch 71 step 400 loss: 3.1242283058166502\n",
      "epoch 71 step 500 loss: 3.1641595721244813\n",
      "epoch 71 step 600 loss: 3.1667439413070677\n",
      "epoch 71 step 700 loss: 3.1715116405487063\n",
      "epoch 71 step 800 loss: 3.2170572113990783\n",
      "epoch 71 step 900 loss: 3.2102988243103026\n",
      "epoch 71 step 1000 loss: 3.1883666205406187\n",
      "epoch 71 step 1100 loss: 3.225934386253357\n",
      "epoch 71 step 1200 loss: 3.212011911869049\n",
      "epoch 71 step 1300 loss: 3.211844117641449\n",
      "epoch 71 step 1400 loss: 3.2117743134498595\n",
      "epoch 71 step 1500 loss: 3.238308680057526\n",
      "epoch 71 step 1600 loss: 3.2658992195129395\n",
      "epoch 71 step 1700 loss: 3.250460307598114\n",
      "current lr: 0.0004611840799999999\n",
      "encoder输入: ['无', '伴', '无', '眠', '夜', '店', '独', '醉', '骤', '听', '是', '你', '呼吸', '气息']\n",
      "decoder输入: ['<go>', '疑', '幻', '似', '真', '像', '透', '梦', '里', '又', '再', '遇上', '心中', '背影', '<eos>']\n",
      "target目标: ['疑', '幻', '似', '真', '像', '透', '梦', '里', '又', '再', '遇上', '心中', '背影', '<eos>']\n",
      "预测结果: ['疑', '旧日', '更深', '飞', '已', '最初', '梦', '里', '似', '再', '等', '<eos>', '<eos>', '<eos>']\n",
      "attention:\n",
      " tensor([[7.8793e-03, 5.7854e-03, 2.2116e-02, 2.4928e-02, 3.5004e-02, 3.5835e-01,\n",
      "         2.0005e-02, 2.7803e-02, 2.6292e-02, 2.9291e-02, 8.2680e-02, 5.0700e-02,\n",
      "         1.0314e-01, 2.0603e-01],\n",
      "        [7.8337e-04, 2.2280e-04, 2.2171e-03, 2.1129e-03, 3.5987e-03, 1.2181e-01,\n",
      "         5.4328e-03, 3.7200e-04, 1.4258e-03, 1.2211e-02, 8.3376e-02, 1.4575e-01,\n",
      "         2.2410e-01, 3.9659e-01],\n",
      "        [4.7724e-04, 3.1422e-03, 9.1741e-03, 3.9311e-02, 5.4513e-02, 5.0166e-01,\n",
      "         1.8985e-02, 1.2618e-02, 1.9115e-02, 3.6106e-02, 5.7935e-02, 2.1838e-02,\n",
      "         7.4861e-02, 1.5026e-01],\n",
      "        [2.5898e-05, 4.7182e-05, 4.4347e-04, 4.6036e-03, 4.8410e-03, 1.1690e-02,\n",
      "         2.3974e-03, 2.2440e-03, 1.3091e-03, 1.0234e-02, 5.5800e-02, 7.7285e-02,\n",
      "         3.5307e-01, 4.7601e-01],\n",
      "        [4.5176e-03, 1.1047e-03, 5.1073e-03, 9.2447e-03, 2.1238e-03, 1.8651e-01,\n",
      "         2.8400e-02, 1.0411e-02, 8.7186e-03, 4.9769e-02, 1.2270e-01, 1.1976e-01,\n",
      "         1.3312e-01, 3.1851e-01],\n",
      "        [9.7019e-05, 8.6293e-05, 1.3795e-04, 1.4241e-04, 7.6924e-05, 1.7962e-03,\n",
      "         6.1394e-04, 7.6645e-04, 1.4340e-03, 9.5147e-03, 8.0493e-03, 2.3330e-02,\n",
      "         3.2441e-01, 6.2954e-01],\n",
      "        [2.5253e-04, 4.4139e-04, 5.3655e-03, 4.6490e-02, 4.5099e-02, 1.6324e-01,\n",
      "         7.6930e-03, 6.6380e-03, 1.0666e-02, 6.9066e-02, 2.4406e-01, 1.2737e-01,\n",
      "         1.0136e-01, 1.7226e-01],\n",
      "        [4.3804e-03, 6.9974e-03, 1.5944e-01, 7.7515e-02, 1.0532e-01, 2.7304e-01,\n",
      "         2.7116e-02, 1.3103e-02, 7.3212e-03, 1.4060e-02, 1.1250e-02, 1.0738e-02,\n",
      "         4.8372e-02, 2.4135e-01],\n",
      "        [1.1456e-02, 3.4973e-02, 3.3455e-02, 2.5271e-02, 1.1326e-02, 4.8508e-02,\n",
      "         3.6746e-02, 4.8487e-02, 2.7131e-02, 2.3915e-02, 3.7488e-02, 3.6678e-02,\n",
      "         1.0783e-01, 5.1673e-01],\n",
      "        [2.5521e-02, 2.5747e-03, 3.5201e-03, 6.5311e-03, 3.0637e-03, 9.3947e-02,\n",
      "         3.3044e-02, 4.1465e-02, 9.1933e-03, 8.4348e-03, 3.6105e-03, 2.1139e-02,\n",
      "         3.1448e-01, 4.3348e-01],\n",
      "        [4.8665e-03, 2.3131e-03, 1.9636e-03, 9.0277e-03, 4.4115e-03, 7.9332e-02,\n",
      "         8.3846e-02, 8.8259e-02, 2.3797e-02, 1.3941e-02, 3.1332e-03, 1.5877e-02,\n",
      "         2.6114e-01, 4.0809e-01],\n",
      "        [4.1139e-01, 1.3332e-01, 9.3659e-03, 5.6640e-03, 2.5945e-03, 3.5856e-02,\n",
      "         4.4905e-02, 2.4671e-02, 2.9143e-03, 6.3826e-03, 4.9153e-03, 3.1973e-02,\n",
      "         9.7458e-02, 1.8859e-01],\n",
      "        [5.6174e-02, 5.2441e-02, 8.9629e-04, 5.0586e-04, 3.2243e-04, 4.0186e-03,\n",
      "         7.7927e-03, 7.9967e-03, 4.4410e-03, 2.2493e-02, 1.4497e-02, 8.3329e-02,\n",
      "         3.1692e-01, 4.2817e-01],\n",
      "        [8.9126e-03, 8.2604e-03, 1.8467e-03, 1.1509e-03, 4.5658e-03, 4.2798e-02,\n",
      "         2.3398e-02, 1.6897e-02, 1.8646e-02, 8.7080e-02, 2.2544e-02, 6.7764e-02,\n",
      "         2.0910e-01, 4.8703e-01],\n",
      "        [6.0002e-02, 8.7444e-02, 1.9825e-02, 1.0784e-02, 1.2198e-02, 3.9364e-02,\n",
      "         1.1080e-01, 5.1396e-02, 7.4633e-03, 8.3390e-03, 2.6843e-03, 3.6043e-02,\n",
      "         2.0851e-01, 3.4515e-01]], grad_fn=<SelectBackward0>)\n",
      "epoch 72 step 100 loss: 3.1476082158088685\n",
      "epoch 72 step 200 loss: 3.1431954288482666\n",
      "epoch 72 step 300 loss: 3.154702684879303\n",
      "epoch 72 step 400 loss: 3.1334853100776674\n",
      "epoch 72 step 500 loss: 3.1613179779052736\n",
      "epoch 72 step 600 loss: 3.188859531879425\n",
      "epoch 72 step 700 loss: 3.187905693054199\n",
      "epoch 72 step 800 loss: 3.200006892681122\n",
      "epoch 72 step 900 loss: 3.2056124925613405\n",
      "epoch 72 step 1000 loss: 3.211925754547119\n",
      "epoch 72 step 1100 loss: 3.227992374897003\n",
      "epoch 72 step 1200 loss: 3.212050988674164\n",
      "epoch 72 step 1300 loss: 3.2077906036376955\n",
      "epoch 72 step 1400 loss: 3.2079879236221314\n",
      "epoch 72 step 1500 loss: 3.219334673881531\n",
      "epoch 72 step 1600 loss: 3.2484578323364257\n",
      "epoch 72 step 1700 loss: 3.2354468274116517\n",
      "encoder输入: ['也许', '一生', '只得', '这', '运气']\n",
      "decoder输入: ['<go>', '才', '令', '我会', '不', '哭', '不', '笑', '<eos>']\n",
      "target目标: ['才', '令', '我会', '不', '哭', '不', '笑', '<eos>']\n",
      "预测结果: ['仍', '令', '我', '再', '改', '不', '去', '<eos>']\n",
      "attention:\n",
      " tensor([[0.0984, 0.0114, 0.0245, 0.1714, 0.6942],\n",
      "        [0.0023, 0.0055, 0.0408, 0.0120, 0.9393],\n",
      "        [0.0030, 0.0030, 0.0259, 0.1159, 0.8522],\n",
      "        [0.1580, 0.0141, 0.0769, 0.0521, 0.6989],\n",
      "        [0.0049, 0.0014, 0.0753, 0.0196, 0.8988],\n",
      "        [0.9141, 0.0208, 0.0134, 0.0040, 0.0477],\n",
      "        [0.0377, 0.0879, 0.7098, 0.0319, 0.1328],\n",
      "        [0.5668, 0.0835, 0.0913, 0.0260, 0.2323],\n",
      "        [0.1877, 0.1166, 0.5207, 0.0459, 0.1291]], grad_fn=<SelectBackward0>)\n",
      "epoch 73 step 100 loss: 3.1417718076705934\n",
      "epoch 73 step 200 loss: 3.1034726238250734\n",
      "epoch 73 step 300 loss: 3.1528185915946962\n",
      "epoch 73 step 400 loss: 3.1136669898033142\n",
      "epoch 73 step 500 loss: 3.130599274635315\n",
      "epoch 73 step 600 loss: 3.150942630767822\n",
      "epoch 73 step 700 loss: 3.1517523193359374\n",
      "epoch 73 step 800 loss: 3.1637881779670716\n",
      "epoch 73 step 900 loss: 3.1893453931808473\n",
      "epoch 73 step 1000 loss: 3.2196747422218324\n",
      "epoch 73 step 1100 loss: 3.2001958799362185\n",
      "epoch 73 step 1200 loss: 3.202335479259491\n",
      "epoch 73 step 1300 loss: 3.1878092861175538\n",
      "epoch 73 step 1400 loss: 3.2017736554145815\n",
      "epoch 73 step 1500 loss: 3.214712643623352\n",
      "epoch 73 step 1600 loss: 3.2051866483688354\n",
      "epoch 73 step 1700 loss: 3.1960562658309937\n",
      "current lr: 0.0004519603983999999\n",
      "encoder输入: ['无数', '夜', '我', '如', '泥醉', '人', '感觉', '更累']\n",
      "decoder输入: ['<go>', '也许', '你', '不会', '知', '在', '远方', '心醉', '是', '谁', '<eos>']\n",
      "target目标: ['也许', '你', '不会', '知', '在', '远方', '心醉', '是', '谁', '<eos>']\n",
      "预测结果: ['你', '你', '是', '懂', '<eos>', '我', '是', '<eos>', '谁', '<eos>']\n",
      "attention:\n",
      " tensor([[0.2015, 0.0414, 0.0596, 0.1606, 0.1395, 0.1338, 0.1893, 0.0743],\n",
      "        [0.0352, 0.0379, 0.0227, 0.0079, 0.0127, 0.3913, 0.4139, 0.0783],\n",
      "        [0.0051, 0.0050, 0.0084, 0.0598, 0.0261, 0.5039, 0.2068, 0.1849],\n",
      "        [0.0683, 0.0484, 0.0361, 0.0055, 0.0419, 0.1912, 0.2655, 0.3431],\n",
      "        [0.0201, 0.0159, 0.1176, 0.2281, 0.0352, 0.0302, 0.1540, 0.3988],\n",
      "        [0.1761, 0.0082, 0.0036, 0.0029, 0.0339, 0.2332, 0.2933, 0.2489],\n",
      "        [0.3625, 0.0962, 0.0107, 0.0313, 0.0308, 0.1061, 0.1261, 0.2364],\n",
      "        [0.0274, 0.0173, 0.0587, 0.2893, 0.1292, 0.0911, 0.0743, 0.3128],\n",
      "        [0.0115, 0.0428, 0.0065, 0.0267, 0.0281, 0.2637, 0.4522, 0.1686],\n",
      "        [0.0021, 0.0209, 0.0131, 0.0276, 0.0122, 0.3428, 0.4511, 0.1301],\n",
      "        [0.0934, 0.0931, 0.0669, 0.0496, 0.0075, 0.0711, 0.2037, 0.4148]],\n",
      "       grad_fn=<SelectBackward0>)\n",
      "epoch 74 step 100 loss: 3.127092132568359\n",
      "epoch 74 step 200 loss: 3.108858687877655\n",
      "epoch 74 step 300 loss: 3.136737794876099\n",
      "epoch 74 step 400 loss: 3.1464165830612183\n",
      "epoch 74 step 500 loss: 3.147129578590393\n",
      "epoch 74 step 600 loss: 3.1476144051551818\n",
      "epoch 74 step 700 loss: 3.1893574237823485\n",
      "epoch 74 step 800 loss: 3.184568696022034\n",
      "epoch 74 step 900 loss: 3.1782513546943663\n",
      "epoch 74 step 1000 loss: 3.17335613489151\n",
      "epoch 74 step 1100 loss: 3.1749366235733034\n",
      "epoch 74 step 1200 loss: 3.1863369154930115\n",
      "epoch 74 step 1300 loss: 3.205487759113312\n",
      "epoch 74 step 1400 loss: 3.220659921169281\n",
      "epoch 74 step 1500 loss: 3.218808355331421\n",
      "epoch 74 step 1600 loss: 3.198385012149811\n",
      "epoch 74 step 1700 loss: 3.2087871074676513\n",
      "encoder输入: ['太', '容易', '来', '的', '就', '不', '理睬']\n",
      "decoder输入: ['<go>', '其实', '谁', '不想', '遇见', '真', '爱', '<eos>']\n",
      "target目标: ['其实', '谁', '不想', '遇见', '真', '爱', '<eos>']\n",
      "预测结果: ['我', '谁', '都', '<eos>', '你', '爱', '<eos>']\n",
      "attention:\n",
      " tensor([[6.5234e-01, 1.3777e-01, 1.0066e-01, 8.2501e-03, 2.1188e-02, 1.9346e-02,\n",
      "         6.0444e-02],\n",
      "        [6.1331e-02, 3.7992e-02, 6.5523e-02, 7.6834e-02, 1.4110e-01, 1.1298e-01,\n",
      "         5.0424e-01],\n",
      "        [4.5276e-01, 2.5250e-02, 2.7677e-02, 5.9122e-02, 1.4769e-01, 2.6300e-01,\n",
      "         2.4501e-02],\n",
      "        [9.5028e-03, 1.3558e-03, 5.1122e-04, 3.5430e-02, 5.8052e-01, 3.4875e-01,\n",
      "         2.3931e-02],\n",
      "        [1.5828e-02, 8.9289e-03, 3.3650e-01, 1.5146e-01, 1.3284e-01, 1.8335e-01,\n",
      "         1.7109e-01],\n",
      "        [3.4949e-01, 1.2233e-02, 5.5416e-02, 4.0452e-02, 2.3262e-01, 2.5042e-01,\n",
      "         5.9368e-02],\n",
      "        [2.8242e-01, 2.1493e-02, 3.0811e-02, 1.0590e-01, 6.4604e-02, 4.1466e-01,\n",
      "         8.0110e-02],\n",
      "        [1.6267e-02, 1.4501e-03, 1.1289e-03, 2.4494e-03, 7.9510e-02, 3.6266e-01,\n",
      "         5.3653e-01]], grad_fn=<SelectBackward0>)\n",
      "epoch 75 step 100 loss: 3.0969226241111754\n",
      "epoch 75 step 200 loss: 3.069190797805786\n",
      "epoch 75 step 300 loss: 3.1157026267051697\n",
      "epoch 75 step 400 loss: 3.1238504028320313\n",
      "epoch 75 step 500 loss: 3.1143225836753845\n",
      "epoch 75 step 600 loss: 3.140495502948761\n",
      "epoch 75 step 700 loss: 3.1241497921943666\n",
      "epoch 75 step 800 loss: 3.1515265822410585\n",
      "epoch 75 step 900 loss: 3.1629223561286928\n",
      "epoch 75 step 1000 loss: 3.1664468097686767\n",
      "epoch 75 step 1100 loss: 3.1733409571647644\n",
      "epoch 75 step 1200 loss: 3.195259997844696\n",
      "epoch 75 step 1300 loss: 3.17609840631485\n",
      "epoch 75 step 1400 loss: 3.198887960910797\n",
      "epoch 75 step 1500 loss: 3.1932754635810854\n",
      "epoch 75 step 1600 loss: 3.189477059841156\n",
      "epoch 75 step 1700 loss: 3.209077355861664\n",
      "current lr: 0.0004429211904319999\n",
      "encoder输入: ['无言', '独', '上', '西楼']\n",
      "decoder输入: ['<go>', '月', '如', '钩', '<eos>']\n",
      "target目标: ['月', '如', '钩', '<eos>']\n",
      "预测结果: ['月', '如', '钩', '<eos>']\n",
      "attention:\n",
      " tensor([[1.0973e-01, 7.6643e-02, 7.2914e-01, 8.4487e-02],\n",
      "        [1.3969e-02, 8.1688e-04, 7.5960e-01, 2.2562e-01],\n",
      "        [1.7239e-03, 3.2711e-04, 6.9203e-01, 3.0592e-01],\n",
      "        [1.7889e-02, 1.9025e-01, 3.2454e-01, 4.6733e-01],\n",
      "        [1.9322e-02, 5.5623e-03, 4.5390e-01, 5.2122e-01]],\n",
      "       grad_fn=<SelectBackward0>)\n",
      "epoch 76 step 100 loss: 3.091601028442383\n",
      "epoch 76 step 200 loss: 3.097458629608154\n",
      "epoch 76 step 300 loss: 3.1257336807250975\n",
      "epoch 76 step 400 loss: 3.111766312122345\n",
      "epoch 76 step 500 loss: 3.133766577243805\n",
      "epoch 76 step 600 loss: 3.1203678965568544\n",
      "epoch 76 step 700 loss: 3.1616037559509276\n",
      "epoch 76 step 800 loss: 3.1713528728485105\n",
      "epoch 76 step 900 loss: 3.1745501232147215\n",
      "epoch 76 step 1000 loss: 3.1607745480537415\n",
      "epoch 76 step 1100 loss: 3.1808860874176026\n",
      "epoch 76 step 1200 loss: 3.170264756679535\n",
      "epoch 76 step 1300 loss: 3.1651297330856325\n",
      "epoch 76 step 1400 loss: 3.1847780632972715\n",
      "epoch 76 step 1500 loss: 3.1970209503173828\n",
      "epoch 76 step 1600 loss: 3.179034898281097\n",
      "epoch 76 step 1700 loss: 3.180373241901398\n",
      "encoder输入: ['迷路', '了', '在', '这', '城市', '的', '森林']\n",
      "decoder输入: ['<go>', '感觉得到', '却', '又', '无法', '抗拒', '<eos>']\n",
      "target目标: ['感觉得到', '却', '又', '无法', '抗拒', '<eos>']\n",
      "预测结果: ['感觉得到', '身边', '又', '无法', '抗拒', '<eos>']\n",
      "attention:\n",
      " tensor([[6.0249e-01, 1.7520e-02, 2.5333e-02, 1.6036e-01, 5.9218e-02, 2.5028e-02,\n",
      "         1.1004e-01],\n",
      "        [4.6647e-01, 1.4322e-02, 8.2436e-02, 8.5220e-02, 2.5539e-02, 7.4264e-02,\n",
      "         2.5175e-01],\n",
      "        [2.5266e-01, 5.1050e-03, 5.6859e-02, 1.8124e-01, 9.3971e-02, 1.6772e-01,\n",
      "         2.4244e-01],\n",
      "        [4.7062e-01, 2.6817e-04, 4.7391e-03, 3.3075e-02, 2.0902e-01, 8.0383e-02,\n",
      "         2.0190e-01],\n",
      "        [9.0623e-01, 7.6827e-04, 4.3115e-04, 1.5134e-03, 1.3395e-02, 5.2864e-03,\n",
      "         7.2372e-02],\n",
      "        [3.0891e-01, 8.1285e-04, 5.6642e-03, 9.2884e-03, 6.3216e-03, 1.9373e-01,\n",
      "         4.7528e-01],\n",
      "        [1.0576e-01, 3.5654e-05, 5.7018e-03, 5.3578e-03, 2.0402e-01, 2.1216e-02,\n",
      "         6.5791e-01]], grad_fn=<SelectBackward0>)\n",
      "epoch 77 step 100 loss: 3.0939563035964968\n",
      "epoch 77 step 200 loss: 3.0784380078315734\n",
      "epoch 77 step 300 loss: 3.0927872467041015\n",
      "epoch 77 step 400 loss: 3.0731667494773864\n",
      "epoch 77 step 500 loss: 3.0997824263572693\n",
      "epoch 77 step 600 loss: 3.089726254940033\n",
      "epoch 77 step 700 loss: 3.1331150245666506\n",
      "epoch 77 step 800 loss: 3.146707100868225\n",
      "epoch 77 step 900 loss: 3.1216568994522094\n",
      "epoch 77 step 1000 loss: 3.1529254603385923\n",
      "epoch 77 step 1100 loss: 3.1618506002426146\n",
      "epoch 77 step 1200 loss: 3.1427497100830077\n",
      "epoch 77 step 1300 loss: 3.1730200386047365\n",
      "epoch 77 step 1400 loss: 3.1560822200775145\n",
      "epoch 77 step 1500 loss: 3.180867147445679\n",
      "epoch 77 step 1600 loss: 3.178730788230896\n",
      "epoch 77 step 1700 loss: 3.1941222739219666\n",
      "current lr: 0.0004340627666233599\n",
      "encoder输入: ['人', '离别', '了', '但', '如', '仍然', '一起']\n",
      "decoder输入: ['<go>', '因为', '你', '我', '再', '不', '记挂', '名', '和', '利', '<eos>']\n",
      "target目标: ['因为', '你', '我', '再', '不', '记挂', '名', '和', '利', '<eos>']\n",
      "预测结果: ['我', '我', '我', '都', '给', '记挂', '<eos>', '行', '利', '<eos>']\n",
      "attention:\n",
      " tensor([[3.0772e-01, 3.2751e-01, 8.0481e-02, 1.0353e-01, 6.0124e-02, 9.2387e-02,\n",
      "         2.8240e-02],\n",
      "        [6.8451e-02, 9.8447e-02, 1.2195e-02, 3.5102e-02, 4.9717e-01, 1.7946e-01,\n",
      "         1.0917e-01],\n",
      "        [5.4321e-02, 5.4404e-03, 1.1302e-02, 5.3418e-02, 4.8590e-01, 1.6615e-01,\n",
      "         2.2347e-01],\n",
      "        [5.3936e-02, 2.0506e-01, 1.0048e-01, 1.4938e-01, 7.6310e-02, 3.4763e-01,\n",
      "         6.7201e-02],\n",
      "        [1.6827e-02, 6.8513e-02, 4.4072e-02, 1.6308e-01, 3.8877e-01, 1.6519e-01,\n",
      "         1.5355e-01],\n",
      "        [3.3780e-01, 4.1140e-01, 1.7313e-02, 3.0284e-02, 4.3856e-02, 4.1353e-02,\n",
      "         1.1799e-01],\n",
      "        [5.2757e-01, 8.1765e-02, 1.7068e-01, 8.8888e-02, 8.6512e-02, 1.8302e-02,\n",
      "         2.6280e-02],\n",
      "        [8.1523e-01, 1.2640e-01, 3.0422e-02, 1.1506e-02, 5.1465e-04, 3.9063e-03,\n",
      "         1.2023e-02],\n",
      "        [5.9481e-01, 4.1823e-02, 1.2164e-01, 3.8830e-02, 2.6498e-02, 9.4570e-02,\n",
      "         8.1832e-02],\n",
      "        [9.9213e-01, 6.6244e-03, 1.8306e-04, 1.5870e-04, 2.5932e-04, 1.5636e-04,\n",
      "         4.9104e-04],\n",
      "        [1.0846e-01, 7.9686e-01, 4.7541e-03, 5.8795e-03, 1.2458e-02, 2.9711e-02,\n",
      "         4.1873e-02]], grad_fn=<SelectBackward0>)\n",
      "epoch 78 step 100 loss: 3.0774738502502443\n",
      "epoch 78 step 200 loss: 3.076309416294098\n",
      "epoch 78 step 300 loss: 3.1150690507888794\n",
      "epoch 78 step 400 loss: 3.0984505653381347\n",
      "epoch 78 step 500 loss: 3.1189412760734556\n",
      "epoch 78 step 600 loss: 3.12298047542572\n",
      "epoch 78 step 700 loss: 3.1304275155067445\n",
      "epoch 78 step 800 loss: 3.141317894458771\n",
      "epoch 78 step 900 loss: 3.1310994386672975\n",
      "epoch 78 step 1000 loss: 3.152657310962677\n",
      "epoch 78 step 1100 loss: 3.1622017073631286\n",
      "epoch 78 step 1200 loss: 3.16671359539032\n",
      "epoch 78 step 1300 loss: 3.1495244216918947\n",
      "epoch 78 step 1400 loss: 3.172580668926239\n",
      "epoch 78 step 1500 loss: 3.1475394773483276\n",
      "epoch 78 step 1600 loss: 3.162775535583496\n",
      "epoch 78 step 1700 loss: 3.1698702430725096\n",
      "encoder输入: ['在', '那日', '分手', '你', '讲', '过']\n",
      "decoder输入: ['<go>', '爱', '她', '更', '多', '<eos>']\n",
      "target目标: ['爱', '她', '更', '多', '<eos>']\n",
      "预测结果: ['爱', '你', '<eos>', '多', '<eos>']\n",
      "attention:\n",
      " tensor([[0.3218, 0.2579, 0.0081, 0.0116, 0.0418, 0.3589],\n",
      "        [0.3158, 0.3765, 0.0759, 0.0056, 0.0080, 0.2181],\n",
      "        [0.4078, 0.0989, 0.0260, 0.0378, 0.1133, 0.3162],\n",
      "        [0.2634, 0.1916, 0.0326, 0.0397, 0.2276, 0.2450],\n",
      "        [0.2661, 0.3750, 0.0531, 0.0903, 0.1410, 0.0746],\n",
      "        [0.3127, 0.4882, 0.0347, 0.0436, 0.1020, 0.0188]],\n",
      "       grad_fn=<SelectBackward0>)\n",
      "epoch 79 step 100 loss: 3.1028176808357237\n",
      "epoch 79 step 200 loss: 3.0494883704185485\n",
      "epoch 79 step 300 loss: 3.0821394109725953\n",
      "epoch 79 step 400 loss: 3.071674416065216\n",
      "epoch 79 step 500 loss: 3.0807880115509034\n",
      "epoch 79 step 600 loss: 3.119105758666992\n",
      "epoch 79 step 700 loss: 3.1062459325790406\n",
      "epoch 79 step 800 loss: 3.112299709320068\n",
      "epoch 79 step 900 loss: 3.1161183524131775\n",
      "epoch 79 step 1000 loss: 3.1190970087051393\n",
      "epoch 79 step 1100 loss: 3.1217320156097412\n",
      "epoch 79 step 1200 loss: 3.1412577724456785\n",
      "epoch 79 step 1300 loss: 3.1360922932624815\n",
      "epoch 79 step 1400 loss: 3.14340439081192\n",
      "epoch 79 step 1500 loss: 3.173523745536804\n",
      "epoch 79 step 1600 loss: 3.1534000062942504\n",
      "epoch 79 step 1700 loss: 3.185480208396912\n",
      "current lr: 0.00042538151129089267\n",
      "encoder输入: ['明日', '复明', '日', '哪', '需', '堆砌', '节目', '燃烧']\n",
      "decoder输入: ['<go>', '你', '不', '差', '差一点', '比', '浸浴', '重要', '<eos>']\n",
      "target目标: ['你', '不', '差', '差一点', '比', '<unk>', '重要', '<eos>']\n",
      "预测结果: ['再', '要', '开心', '唯', '坏', '我', '<eos>', '<eos>']\n",
      "attention:\n",
      " tensor([[2.0753e-01, 6.1477e-02, 1.4065e-01, 2.3625e-01, 1.1917e-01, 4.1034e-02,\n",
      "         1.0197e-01, 9.1924e-02],\n",
      "        [1.8028e-01, 2.0593e-01, 7.3109e-02, 9.6277e-02, 1.6032e-01, 4.6648e-02,\n",
      "         1.4610e-01, 9.1335e-02],\n",
      "        [4.0872e-03, 1.7822e-04, 1.1003e-05, 9.6976e-05, 1.8164e-03, 1.6117e-02,\n",
      "         2.0689e-01, 7.7080e-01],\n",
      "        [7.7013e-01, 1.8747e-01, 9.4278e-03, 4.5324e-04, 8.5074e-04, 1.1487e-03,\n",
      "         1.3720e-02, 1.6800e-02],\n",
      "        [6.9059e-01, 1.8384e-01, 1.9681e-02, 2.1726e-03, 1.8487e-03, 7.5305e-04,\n",
      "         6.6379e-02, 3.4738e-02],\n",
      "        [1.6153e-01, 1.0869e-02, 1.2984e-04, 8.6214e-05, 1.4691e-03, 2.5943e-03,\n",
      "         3.5787e-01, 4.6545e-01],\n",
      "        [1.7965e-02, 4.9659e-03, 1.8387e-03, 1.2445e-03, 1.1849e-02, 6.1141e-03,\n",
      "         6.8615e-01, 2.6988e-01],\n",
      "        [7.1377e-02, 6.9929e-02, 5.9306e-03, 9.3772e-03, 2.6685e-02, 4.9172e-02,\n",
      "         4.8987e-01, 2.7766e-01],\n",
      "        [6.3323e-02, 2.0070e-03, 1.2128e-02, 3.7213e-02, 1.1664e-02, 2.0025e-02,\n",
      "         2.6971e-01, 5.8393e-01]], grad_fn=<SelectBackward0>)\n",
      "epoch 80 step 100 loss: 3.1003199863433837\n",
      "epoch 80 step 200 loss: 3.0569297170639036\n",
      "epoch 80 step 300 loss: 3.0931974148750303\n",
      "epoch 80 step 400 loss: 3.059415948390961\n",
      "epoch 80 step 500 loss: 3.09708505153656\n",
      "epoch 80 step 600 loss: 3.1081175351142885\n",
      "epoch 80 step 700 loss: 3.108091378211975\n",
      "epoch 80 step 800 loss: 3.1103221130371095\n",
      "epoch 80 step 900 loss: 3.14128080368042\n",
      "epoch 80 step 1000 loss: 3.1089532351493836\n",
      "epoch 80 step 1100 loss: 3.128493535518646\n",
      "epoch 80 step 1200 loss: 3.12817489862442\n",
      "epoch 80 step 1300 loss: 3.151802833080292\n",
      "epoch 80 step 1400 loss: 3.127303783893585\n",
      "epoch 80 step 1500 loss: 3.154299216270447\n",
      "epoch 80 step 1600 loss: 3.1662653923034667\n",
      "epoch 80 step 1700 loss: 3.1595012855529787\n",
      "encoder输入: ['惊险', '哀怨', '动作', '爱情']\n",
      "decoder输入: ['<go>', '在', '刹那', '随时', '放映', '<eos>']\n",
      "target目标: ['在', '刹那', '随时', '放映', '<eos>']\n",
      "预测结果: ['还', '我心', '开始', '放映', '<eos>']\n",
      "attention:\n",
      " tensor([[3.8875e-02, 1.1034e-01, 6.0990e-01, 2.4088e-01],\n",
      "        [4.9504e-04, 1.0882e-02, 6.6456e-01, 3.2406e-01],\n",
      "        [7.0197e-03, 4.2377e-02, 1.8037e-01, 7.7024e-01],\n",
      "        [2.7241e-03, 9.1327e-02, 1.7765e-01, 7.2830e-01],\n",
      "        [8.7882e-03, 7.0148e-03, 4.4955e-01, 5.3465e-01],\n",
      "        [6.9590e-02, 2.3857e-02, 4.6292e-01, 4.4363e-01]],\n",
      "       grad_fn=<SelectBackward0>)\n",
      "epoch 81 step 100 loss: 3.0728352856636048\n",
      "epoch 81 step 200 loss: 3.047854173183441\n",
      "epoch 81 step 300 loss: 3.0646770071983336\n",
      "epoch 81 step 400 loss: 3.0473995637893676\n",
      "epoch 81 step 500 loss: 3.076894986629486\n",
      "epoch 81 step 600 loss: 3.0862334847450255\n",
      "epoch 81 step 700 loss: 3.1149704384803774\n",
      "epoch 81 step 800 loss: 3.081800379753113\n",
      "epoch 81 step 900 loss: 3.107953577041626\n",
      "epoch 81 step 1000 loss: 3.116881947517395\n",
      "epoch 81 step 1100 loss: 3.105742268562317\n",
      "epoch 81 step 1200 loss: 3.1216926836967467\n",
      "epoch 81 step 1300 loss: 3.1187845277786255\n",
      "epoch 81 step 1400 loss: 3.1322135090827943\n",
      "epoch 81 step 1500 loss: 3.141445605754852\n",
      "epoch 81 step 1600 loss: 3.142770035266876\n",
      "epoch 81 step 1700 loss: 3.145228705406189\n",
      "current lr: 0.0004168738810650748\n",
      "encoder输入: ['看', '曙光', '天色', '悲哀']\n",
      "decoder输入: ['<go>', '是', '两颗', '心想', '恋', '欠', '未来', '<eos>']\n",
      "target目标: ['是', '两颗', '心想', '恋', '欠', '未来', '<eos>']\n",
      "预测结果: ['我', '两颗', '千亿', '恋', '着', '你', '<eos>']\n",
      "attention:\n",
      " tensor([[0.2464, 0.0501, 0.2464, 0.4570],\n",
      "        [0.0017, 0.0353, 0.4288, 0.5343],\n",
      "        [0.0233, 0.1323, 0.4129, 0.4315],\n",
      "        [0.1443, 0.0082, 0.3057, 0.5418],\n",
      "        [0.3976, 0.0812, 0.4242, 0.0969],\n",
      "        [0.3389, 0.3928, 0.1855, 0.0828],\n",
      "        [0.0615, 0.0196, 0.7372, 0.1817],\n",
      "        [0.0048, 0.0226, 0.6635, 0.3091]], grad_fn=<SelectBackward0>)\n",
      "epoch 82 step 100 loss: 3.0624947810173033\n",
      "epoch 82 step 200 loss: 3.0708399176597596\n",
      "epoch 82 step 300 loss: 3.0484278082847593\n",
      "epoch 82 step 400 loss: 3.077856171131134\n",
      "epoch 82 step 500 loss: 3.1072741198539733\n",
      "epoch 82 step 600 loss: 3.058836555480957\n",
      "epoch 82 step 700 loss: 3.1081090664863584\n",
      "epoch 82 step 800 loss: 3.082693266868591\n",
      "epoch 82 step 900 loss: 3.0874702024459837\n",
      "epoch 82 step 1000 loss: 3.117690541744232\n",
      "epoch 82 step 1100 loss: 3.1020319294929504\n",
      "epoch 82 step 1200 loss: 3.1341128087043764\n",
      "epoch 82 step 1300 loss: 3.1204003882408142\n",
      "epoch 82 step 1400 loss: 3.128819990158081\n",
      "epoch 82 step 1500 loss: 3.138149061203003\n",
      "epoch 82 step 1600 loss: 3.151998610496521\n",
